x_2 = 3.333333
x_1 = 1.333333
some_other_var = 0.000000
